  -4.4846629e+01   1.5174942e+01
  -4.4841600e+01   1.5121304e+01
  -4.4838248e+01   1.5071019e+01
  -4.4871772e+01   1.5060962e+01
  -4.4873448e+01   1.5022409e+01
  -4.4875124e+01   1.5005647e+01
  -4.4913676e+01   1.4993914e+01
  -4.4917029e+01   1.4933571e+01
  -4.4942171e+01   1.4901724e+01
  -4.5005867e+01   1.4898371e+01
  -4.5014248e+01   1.4883286e+01
  -4.5014248e+01   1.4858143e+01
  -4.5041067e+01   1.4796124e+01
  -4.5041067e+01   1.4796124e+01
  -4.5044419e+01   1.4755895e+01
  -4.5052800e+01   1.4754219e+01
  -4.5019276e+01   1.4742486e+01
  -4.5007543e+01   1.4697229e+01
  -4.5007543e+01   1.4678791e+01
  -4.4980724e+01   1.4665381e+01
  -4.4982400e+01   1.4611743e+01
  -4.4977371e+01   1.4544695e+01
  -4.4984076e+01   1.4430715e+01
  -4.4990781e+01   1.4398867e+01
  -4.5007543e+01   1.4372048e+01
  -4.5007543e+01   1.4286562e+01
  -4.5007543e+01   1.4284886e+01
  -4.5017600e+01   1.4001610e+01
  -4.5038953e+01   1.3992612e+01
  -4.5019418e+01   1.3927496e+01
  -4.5029186e+01   1.3774473e+01
  -4.5035697e+01   1.3754938e+01
  -4.5003139e+01   1.3754800e+01
  -4.4973837e+01   1.3621450e+01
  -4.4918488e+01   1.3601915e+01
  -4.4908721e+01   1.3543311e+01
  -4.4882675e+01   1.3517265e+01
  -4.4869651e+01   1.3497730e+01
  -4.4843605e+01   1.3422846e+01
  -4.4840349e+01   1.3347963e+01
  -4.4850117e+01   1.3299126e+01
  -4.4853372e+01   1.3243777e+01
  -4.4830582e+01   1.3162382e+01
  -4.4830582e+01   1.3002848e+01
  -4.4869651e+01   1.2667500e+01
