  -4.4827326e+01   1.5158189e+01
  -4.4827326e+01   1.5086561e+01
  -4.4889186e+01   1.5080050e+01
  -4.4908721e+01   1.5011678e+01
  -4.4996628e+01   1.4998655e+01
  -4.5029186e+01   1.4855399e+01
  -4.5051976e+01   1.4835864e+01
  -4.5045465e+01   1.4611214e+01
  -4.4986860e+01   1.4552610e+01
  -4.4993372e+01   1.4451680e+01
  -4.5032441e+01   1.4386564e+01
  -4.5012907e+01   1.4171681e+01
  -4.5032441e+01   1.4054472e+01
  -4.5038953e+01   1.3992612e+01
  -4.5019418e+01   1.3927496e+01
  -4.5029186e+01   1.3774473e+01
  -4.5035697e+01   1.3754938e+01
  -4.5003139e+01   1.3754800e+01
  -4.4973837e+01   1.3621450e+01
  -4.4918488e+01   1.3601915e+01
  -4.4908721e+01   1.3543311e+01
  -4.4882675e+01   1.3517265e+01
  -4.4869651e+01   1.3497730e+01
  -4.4843605e+01   1.3422846e+01
  -4.4840349e+01   1.3347963e+01
  -4.4850117e+01   1.3299126e+01
  -4.4853372e+01   1.3243777e+01
  -4.4830582e+01   1.3162382e+01
  -4.4830582e+01   1.3002848e+01
  -4.4869651e+01   1.2667500e+01
