             NaN             NaN
             NaN             NaN
  -4.4809379e+01   1.3003013e+01
  -4.4809703e+01   1.3004821e+01
  -4.4810026e+01   1.3006629e+01
  -4.4810350e+01   1.3008436e+01
  -4.4810673e+01   1.3010244e+01
  -4.4810997e+01   1.3012052e+01
  -4.4811320e+01   1.3013860e+01
  -4.4811644e+01   1.3015667e+01
  -4.4811967e+01   1.3017475e+01
  -4.4812291e+01   1.3019283e+01
  -4.4812614e+01   1.3021091e+01
  -4.4812938e+01   1.3022898e+01
  -4.4813261e+01   1.3024706e+01
  -4.4813585e+01   1.3026514e+01
  -4.4813908e+01   1.3028322e+01
  -4.4814232e+01   1.3030130e+01
  -4.4814555e+01   1.3031937e+01
  -4.4814879e+01   1.3033745e+01
  -4.4815202e+01   1.3035553e+01
  -4.4815526e+01   1.3037361e+01
  -4.4815849e+01   1.3039168e+01
  -4.4816173e+01   1.3040976e+01
  -4.4816496e+01   1.3042784e+01
  -4.4816820e+01   1.3044592e+01
  -4.4817143e+01   1.3046400e+01
  -4.4817467e+01   1.3048207e+01
  -4.4817790e+01   1.3050015e+01
  -4.4818114e+01   1.3051823e+01
  -4.4818437e+01   1.3053631e+01
  -4.4818761e+01   1.3055438e+01
  -4.4819084e+01   1.3057246e+01
  -4.4819408e+01   1.3059054e+01
  -4.4819731e+01   1.3060862e+01
  -4.4820055e+01   1.3062669e+01
  -4.4820378e+01   1.3064477e+01
  -4.4820702e+01   1.3066285e+01
  -4.4821025e+01   1.3068093e+01
  -4.4821349e+01   1.3069901e+01
  -4.4821672e+01   1.3071708e+01
  -4.4821996e+01   1.3073516e+01
  -4.4822319e+01   1.3075324e+01
  -4.4822643e+01   1.3077132e+01
  -4.4822966e+01   1.3078939e+01
  -4.4823290e+01   1.3080747e+01
  -4.4823613e+01   1.3082555e+01
  -4.4823937e+01   1.3084363e+01
  -4.4824260e+01   1.3086171e+01
  -4.4824584e+01   1.3087978e+01
  -4.4824907e+01   1.3089786e+01
  -4.4825231e+01   1.3091594e+01
  -4.4825554e+01   1.3093402e+01
  -4.4825878e+01   1.3095209e+01
  -4.4826201e+01   1.3097017e+01
  -4.4826525e+01   1.3098825e+01
  -4.4826848e+01   1.3100633e+01
  -4.4827172e+01   1.3102440e+01
  -4.4827495e+01   1.3104248e+01
  -4.4827819e+01   1.3106056e+01
  -4.4828142e+01   1.3107864e+01
  -4.4828466e+01   1.3109672e+01
  -4.4828789e+01   1.3111479e+01
  -4.4829113e+01   1.3113287e+01
  -4.4829436e+01   1.3115095e+01
  -4.4829760e+01   1.3116903e+01
  -4.4830083e+01   1.3118710e+01
  -4.4830407e+01   1.3120518e+01
  -4.4830730e+01   1.3122326e+01
  -4.4831054e+01   1.3124134e+01
  -4.4831377e+01   1.3125942e+01
  -4.4831701e+01   1.3127749e+01
  -4.4832024e+01   1.3129557e+01
  -4.4832348e+01   1.3131365e+01
  -4.4832671e+01   1.3133173e+01
  -4.4832995e+01   1.3134980e+01
  -4.4833318e+01   1.3136788e+01
  -4.4833642e+01   1.3138596e+01
  -4.4833965e+01   1.3140404e+01
  -4.4834289e+01   1.3142212e+01
  -4.4834612e+01   1.3144019e+01
  -4.4834936e+01   1.3145827e+01
  -4.4835259e+01   1.3147635e+01
  -4.4835583e+01   1.3149443e+01
  -4.4835906e+01   1.3151250e+01
  -4.4836230e+01   1.3153058e+01
  -4.4836553e+01   1.3154866e+01
  -4.4836877e+01   1.3156674e+01
  -4.4837200e+01   1.3158481e+01
  -4.4837524e+01   1.3160289e+01
  -4.4837847e+01   1.3162097e+01
  -4.4838171e+01   1.3163905e+01
  -4.4838485e+01   1.3165713e+01
  -4.4838671e+01   1.3167520e+01
  -4.4838856e+01   1.3169328e+01
  -4.4839042e+01   1.3171136e+01
  -4.4839227e+01   1.3172944e+01
  -4.4839413e+01   1.3174751e+01
  -4.4839598e+01   1.3176559e+01
  -4.4839783e+01   1.3178367e+01
  -4.4839969e+01   1.3180175e+01
  -4.4840154e+01   1.3181983e+01
  -4.4840340e+01   1.3183790e+01
  -4.4840525e+01   1.3185598e+01
  -4.4840710e+01   1.3187406e+01
  -4.4840896e+01   1.3189214e+01
  -4.4841081e+01   1.3191021e+01
  -4.4841267e+01   1.3192829e+01
  -4.4841452e+01   1.3194637e+01
  -4.4841637e+01   1.3196445e+01
  -4.4841823e+01   1.3198252e+01
  -4.4842008e+01   1.3200060e+01
  -4.4842194e+01   1.3201868e+01
  -4.4842379e+01   1.3203676e+01
  -4.4842565e+01   1.3205484e+01
  -4.4842750e+01   1.3207291e+01
  -4.4842935e+01   1.3209099e+01
  -4.4843121e+01   1.3210907e+01
  -4.4843306e+01   1.3212715e+01
  -4.4843492e+01   1.3214522e+01
  -4.4843677e+01   1.3216330e+01
  -4.4843862e+01   1.3218138e+01
  -4.4844048e+01   1.3219946e+01
  -4.4844233e+01   1.3221754e+01
  -4.4844419e+01   1.3223561e+01
  -4.4844604e+01   1.3225369e+01
  -4.4844789e+01   1.3227177e+01
  -4.4844975e+01   1.3228985e+01
  -4.4845160e+01   1.3230792e+01
  -4.4845332e+01   1.3232600e+01
  -4.4845408e+01   1.3234408e+01
  -4.4845484e+01   1.3236216e+01
  -4.4845561e+01   1.3238024e+01
  -4.4845637e+01   1.3239831e+01
  -4.4845713e+01   1.3241639e+01
  -4.4845790e+01   1.3243447e+01
  -4.4845866e+01   1.3245255e+01
  -4.4845943e+01   1.3247062e+01
  -4.4846019e+01   1.3248870e+01
  -4.4846095e+01   1.3250678e+01
  -4.4846172e+01   1.3252486e+01
  -4.4846248e+01   1.3254293e+01
  -4.4846325e+01   1.3256101e+01
  -4.4846401e+01   1.3257909e+01
  -4.4846477e+01   1.3259717e+01
  -4.4846554e+01   1.3261525e+01
  -4.4846630e+01   1.3263332e+01
  -4.4846706e+01   1.3265140e+01
  -4.4846783e+01   1.3266948e+01
  -4.4846859e+01   1.3268756e+01
  -4.4846936e+01   1.3270563e+01
  -4.4847012e+01   1.3272371e+01
  -4.4847088e+01   1.3274179e+01
  -4.4847165e+01   1.3275987e+01
  -4.4847241e+01   1.3277795e+01
  -4.4847318e+01   1.3279602e+01
  -4.4847394e+01   1.3281410e+01
  -4.4847470e+01   1.3283218e+01
  -4.4847547e+01   1.3285026e+01
  -4.4847623e+01   1.3286833e+01
  -4.4847699e+01   1.3288641e+01
  -4.4847776e+01   1.3290449e+01
  -4.4847852e+01   1.3292257e+01
  -4.4847929e+01   1.3294064e+01
  -4.4848005e+01   1.3295872e+01
  -4.4848081e+01   1.3297680e+01
  -4.4848158e+01   1.3299488e+01
  -4.4848234e+01   1.3301296e+01
  -4.4848311e+01   1.3303103e+01
  -4.4848387e+01   1.3304911e+01
  -4.4848463e+01   1.3306719e+01
  -4.4848540e+01   1.3308527e+01
  -4.4848616e+01   1.3310334e+01
  -4.4848692e+01   1.3312142e+01
  -4.4848769e+01   1.3313950e+01
  -4.4848845e+01   1.3315758e+01
  -4.4848922e+01   1.3317566e+01
  -4.4848998e+01   1.3319373e+01
  -4.4849074e+01   1.3321181e+01
  -4.4849151e+01   1.3322989e+01
  -4.4849227e+01   1.3324797e+01
  -4.4849304e+01   1.3326604e+01
  -4.4849380e+01   1.3328412e+01
  -4.4849456e+01   1.3330220e+01
  -4.4849533e+01   1.3332028e+01
  -4.4849609e+01   1.3333835e+01
  -4.4849685e+01   1.3335643e+01
  -4.4849762e+01   1.3337451e+01
  -4.4849838e+01   1.3339259e+01
  -4.4849915e+01   1.3341067e+01
  -4.4849991e+01   1.3342874e+01
  -4.4850067e+01   1.3344682e+01
  -4.4850144e+01   1.3346490e+01
  -4.4850220e+01   1.3348298e+01
  -4.4850297e+01   1.3350105e+01
  -4.4850373e+01   1.3351913e+01
  -4.4850449e+01   1.3353721e+01
  -4.4850128e+01   1.3355529e+01
  -4.4849760e+01   1.3357337e+01
  -4.4849391e+01   1.3359144e+01
  -4.4849023e+01   1.3360952e+01
  -4.4848655e+01   1.3362760e+01
  -4.4848287e+01   1.3364568e+01
  -4.4847918e+01   1.3366375e+01
  -4.4847550e+01   1.3368183e+01
  -4.4847182e+01   1.3369991e+01
  -4.4846814e+01   1.3371799e+01
  -4.4846445e+01   1.3373607e+01
  -4.4846077e+01   1.3375414e+01
  -4.4845709e+01   1.3377222e+01
  -4.4845341e+01   1.3379030e+01
  -4.4844972e+01   1.3380838e+01
  -4.4844604e+01   1.3382645e+01
  -4.4844236e+01   1.3384453e+01
  -4.4843868e+01   1.3386261e+01
  -4.4843499e+01   1.3388069e+01
  -4.4843131e+01   1.3389876e+01
  -4.4842763e+01   1.3391684e+01
  -4.4842395e+01   1.3393492e+01
  -4.4842026e+01   1.3395300e+01
  -4.4841658e+01   1.3397108e+01
  -4.4841290e+01   1.3398915e+01
  -4.4840922e+01   1.3400723e+01
  -4.4840553e+01   1.3402531e+01
  -4.4840185e+01   1.3404339e+01
  -4.4839817e+01   1.3406146e+01
  -4.4839449e+01   1.3407954e+01
  -4.4839080e+01   1.3409762e+01
  -4.4838712e+01   1.3411570e+01
  -4.4838344e+01   1.3413378e+01
  -4.4837976e+01   1.3415185e+01
  -4.4837607e+01   1.3416993e+01
  -4.4837239e+01   1.3418801e+01
  -4.4836871e+01   1.3420609e+01
  -4.4836503e+01   1.3422416e+01
  -4.4836134e+01   1.3424224e+01
  -4.4835766e+01   1.3426032e+01
  -4.4835398e+01   1.3427840e+01
  -4.4835030e+01   1.3429647e+01
  -4.4834661e+01   1.3431455e+01
  -4.4834293e+01   1.3433263e+01
  -4.4833925e+01   1.3435071e+01
  -4.4833557e+01   1.3436879e+01
  -4.4833188e+01   1.3438686e+01
  -4.4832820e+01   1.3440494e+01
  -4.4832452e+01   1.3442302e+01
  -4.4832084e+01   1.3444110e+01
  -4.4831715e+01   1.3445917e+01
  -4.4832037e+01   1.3447725e+01
  -4.4832580e+01   1.3449533e+01
  -4.4833122e+01   1.3451341e+01
  -4.4833664e+01   1.3453149e+01
  -4.4834207e+01   1.3454956e+01
  -4.4834749e+01   1.3456764e+01
  -4.4835291e+01   1.3458572e+01
  -4.4835834e+01   1.3460380e+01
  -4.4836376e+01   1.3462187e+01
  -4.4836962e+01   1.3463995e+01
  -4.4837658e+01   1.3465803e+01
  -4.4838353e+01   1.3467611e+01
  -4.4839048e+01   1.3469418e+01
  -4.4839744e+01   1.3471226e+01
  -4.4840439e+01   1.3473034e+01
  -4.4841134e+01   1.3474842e+01
  -4.4841830e+01   1.3476650e+01
  -4.4842525e+01   1.3478457e+01
  -4.4843220e+01   1.3480265e+01
  -4.4843915e+01   1.3482073e+01
  -4.4844611e+01   1.3483881e+01
  -4.4845306e+01   1.3485688e+01
  -4.4846446e+01   1.3487496e+01
  -4.4847597e+01   1.3489304e+01
  -4.4848747e+01   1.3491112e+01
  -4.4849897e+01   1.3492920e+01
  -4.4851048e+01   1.3494727e+01
  -4.4852198e+01   1.3496535e+01
  -4.4853349e+01   1.3498343e+01
  -4.4854499e+01   1.3500151e+01
  -4.4855649e+01   1.3501958e+01
  -4.4856800e+01   1.3503766e+01
  -4.4857950e+01   1.3505574e+01
  -4.4859101e+01   1.3507382e+01
  -4.4860251e+01   1.3509190e+01
  -4.4861401e+01   1.3510997e+01
  -4.4862552e+01   1.3512805e+01
  -4.4863702e+01   1.3514613e+01
  -4.4864853e+01   1.3516421e+01
  -4.4866003e+01   1.3518228e+01
  -4.4867153e+01   1.3520036e+01
  -4.4868304e+01   1.3521844e+01
  -4.4869441e+01   1.3523652e+01
  -4.4870498e+01   1.3525459e+01
  -4.4871556e+01   1.3527267e+01
  -4.4872613e+01   1.3529075e+01
  -4.4873670e+01   1.3530883e+01
  -4.4874728e+01   1.3532691e+01
  -4.4875785e+01   1.3534498e+01
  -4.4876843e+01   1.3536306e+01
  -4.4877900e+01   1.3538114e+01
  -4.4878957e+01   1.3539922e+01
  -4.4880015e+01   1.3541729e+01
  -4.4881072e+01   1.3543537e+01
  -4.4882129e+01   1.3545345e+01
  -4.4883187e+01   1.3547153e+01
  -4.4884244e+01   1.3548961e+01
  -4.4885302e+01   1.3550768e+01
  -4.4886359e+01   1.3552576e+01
  -4.4887416e+01   1.3554384e+01
  -4.4888474e+01   1.3556192e+01
  -4.4889531e+01   1.3557999e+01
  -4.4890588e+01   1.3559807e+01
  -4.4891646e+01   1.3561615e+01
  -4.4892703e+01   1.3563423e+01
  -4.4893761e+01   1.3565230e+01
  -4.4894818e+01   1.3567038e+01
  -4.4895875e+01   1.3568846e+01
  -4.4896933e+01   1.3570654e+01
  -4.4897990e+01   1.3572462e+01
  -4.4899047e+01   1.3574269e+01
  -4.4900105e+01   1.3576077e+01
  -4.4901162e+01   1.3577885e+01
  -4.4902220e+01   1.3579693e+01
  -4.4903277e+01   1.3581500e+01
  -4.4904334e+01   1.3583308e+01
  -4.4905392e+01   1.3585116e+01
  -4.4906449e+01   1.3586924e+01
  -4.4907506e+01   1.3588732e+01
  -4.4908564e+01   1.3590539e+01
  -4.4909621e+01   1.3592347e+01
  -4.4910679e+01   1.3594155e+01
  -4.4911736e+01   1.3595963e+01
  -4.4912793e+01   1.3597770e+01
  -4.4913851e+01   1.3599578e+01
  -4.4914908e+01   1.3601386e+01
  -4.4915965e+01   1.3603194e+01
  -4.4917023e+01   1.3605002e+01
  -4.4918080e+01   1.3606809e+01
  -4.4919138e+01   1.3608617e+01
  -4.4920195e+01   1.3610425e+01
  -4.4921252e+01   1.3612233e+01
  -4.4922310e+01   1.3614040e+01
  -4.4925234e+01   1.3615848e+01
  -4.4928247e+01   1.3617656e+01
  -4.4931260e+01   1.3619464e+01
  -4.4934272e+01   1.3621271e+01
  -4.4937285e+01   1.3623079e+01
  -4.4939692e+01   1.3624887e+01
  -4.4940480e+01   1.3626695e+01
  -4.4941268e+01   1.3628503e+01
  -4.4942056e+01   1.3630310e+01
  -4.4942844e+01   1.3632118e+01
  -4.4943632e+01   1.3633926e+01
  -4.4944420e+01   1.3635734e+01
  -4.4945208e+01   1.3637541e+01
  -4.4945996e+01   1.3639349e+01
  -4.4946784e+01   1.3641157e+01
  -4.4947572e+01   1.3642965e+01
  -4.4948360e+01   1.3644773e+01
  -4.4949148e+01   1.3646580e+01
  -4.4949936e+01   1.3648388e+01
  -4.4950724e+01   1.3650196e+01
  -4.4951512e+01   1.3652004e+01
  -4.4952300e+01   1.3653811e+01
  -4.4953088e+01   1.3655619e+01
  -4.4953876e+01   1.3657427e+01
  -4.4954664e+01   1.3659235e+01
  -4.4955452e+01   1.3661042e+01
  -4.4956240e+01   1.3662850e+01
  -4.4957028e+01   1.3664658e+01
  -4.4957816e+01   1.3666466e+01
  -4.4958604e+01   1.3668274e+01
  -4.4959392e+01   1.3670081e+01
  -4.4960180e+01   1.3671889e+01
  -4.4960968e+01   1.3673697e+01
  -4.4961756e+01   1.3675505e+01
  -4.4962544e+01   1.3677312e+01
  -4.4963332e+01   1.3679120e+01
  -4.4964120e+01   1.3680928e+01
  -4.4964908e+01   1.3682736e+01
  -4.4965696e+01   1.3684544e+01
  -4.4966484e+01   1.3686351e+01
  -4.4967272e+01   1.3688159e+01
  -4.4968060e+01   1.3689967e+01
  -4.4968547e+01   1.3691775e+01
  -4.4968452e+01   1.3693582e+01
  -4.4968357e+01   1.3695390e+01
  -4.4968262e+01   1.3697198e+01
  -4.4968167e+01   1.3699006e+01
  -4.4968072e+01   1.3700813e+01
  -4.4967976e+01   1.3702621e+01
  -4.4967881e+01   1.3704429e+01
  -4.4967786e+01   1.3706237e+01
  -4.4967691e+01   1.3708045e+01
  -4.4967596e+01   1.3709852e+01
  -4.4967501e+01   1.3711660e+01
  -4.4967406e+01   1.3713468e+01
  -4.4967310e+01   1.3715276e+01
  -4.4967215e+01   1.3717083e+01
  -4.4967120e+01   1.3718891e+01
  -4.4967025e+01   1.3720699e+01
  -4.4966930e+01   1.3722507e+01
  -4.4967255e+01   1.3724315e+01
  -4.4968367e+01   1.3726122e+01
  -4.4969480e+01   1.3727930e+01
  -4.4970592e+01   1.3729738e+01
  -4.4971705e+01   1.3731546e+01
  -4.4972817e+01   1.3733353e+01
  -4.4973930e+01   1.3735161e+01
  -4.4975042e+01   1.3736969e+01
  -4.4976155e+01   1.3738777e+01
  -4.4977267e+01   1.3740585e+01
  -4.4978380e+01   1.3742392e+01
  -4.4979492e+01   1.3744200e+01
  -4.4980568e+01   1.3746008e+01
  -4.4980707e+01   1.3747816e+01
  -4.4980846e+01   1.3749623e+01
  -4.4980985e+01   1.3751431e+01
  -4.4981125e+01   1.3753239e+01
  -4.4981264e+01   1.3755047e+01
  -4.4981403e+01   1.3756854e+01
  -4.4981542e+01   1.3758662e+01
  -4.4981681e+01   1.3760470e+01
  -4.4981820e+01   1.3762278e+01
  -4.4981959e+01   1.3764086e+01
  -4.4982098e+01   1.3765893e+01
  -4.4982237e+01   1.3767701e+01
  -4.4981734e+01   1.3769509e+01
  -4.4980990e+01   1.3771317e+01
  -4.4980245e+01   1.3773124e+01
  -4.4979501e+01   1.3774932e+01
  -4.4978757e+01   1.3776740e+01
  -4.4978012e+01   1.3778548e+01
  -4.4977268e+01   1.3780356e+01
  -4.4976523e+01   1.3782163e+01
  -4.4975779e+01   1.3783971e+01
  -4.4975035e+01   1.3785779e+01
  -4.4974290e+01   1.3787587e+01
  -4.4973546e+01   1.3789394e+01
  -4.4972802e+01   1.3791202e+01
  -4.4972057e+01   1.3793010e+01
  -4.4971313e+01   1.3794818e+01
  -4.4970568e+01   1.3796625e+01
  -4.4970508e+01   1.3798433e+01
  -4.4970852e+01   1.3800241e+01
  -4.4971197e+01   1.3802049e+01
  -4.4971541e+01   1.3803857e+01
  -4.4971885e+01   1.3805664e+01
  -4.4972230e+01   1.3807472e+01
  -4.4972574e+01   1.3809280e+01
  -4.4972918e+01   1.3811088e+01
  -4.4973263e+01   1.3812895e+01
  -4.4973607e+01   1.3814703e+01
  -4.4973951e+01   1.3816511e+01
  -4.4974296e+01   1.3818319e+01
  -4.4974640e+01   1.3820127e+01
  -4.4974984e+01   1.3821934e+01
  -4.4975329e+01   1.3823742e+01
  -4.4975673e+01   1.3825550e+01
  -4.4976017e+01   1.3827358e+01
  -4.4976362e+01   1.3829165e+01
  -4.4976706e+01   1.3830973e+01
  -4.4977050e+01   1.3832781e+01
  -4.4976841e+01   1.3834589e+01
  -4.4976440e+01   1.3836397e+01
  -4.4976038e+01   1.3838204e+01
  -4.4975636e+01   1.3840012e+01
  -4.4975234e+01   1.3841820e+01
  -4.4974833e+01   1.3843628e+01
  -4.4974431e+01   1.3845435e+01
  -4.4974029e+01   1.3847243e+01
  -4.4974003e+01   1.3849051e+01
  -4.4975318e+01   1.3850859e+01
  -4.4976633e+01   1.3852666e+01
  -4.4977947e+01   1.3854474e+01
  -4.4979262e+01   1.3856282e+01
  -4.4980577e+01   1.3858090e+01
  -4.4981892e+01   1.3859898e+01
  -4.4983206e+01   1.3861705e+01
  -4.4984521e+01   1.3863513e+01
  -4.4985836e+01   1.3865321e+01
  -4.4987151e+01   1.3867129e+01
  -4.4988465e+01   1.3868936e+01
  -4.4989780e+01   1.3870744e+01
  -4.4991095e+01   1.3872552e+01
  -4.4992410e+01   1.3874360e+01
  -4.4993724e+01   1.3876168e+01
  -4.4995039e+01   1.3877975e+01
  -4.4996354e+01   1.3879783e+01
  -4.4997668e+01   1.3881591e+01
  -4.4998983e+01   1.3883399e+01
  -4.5000298e+01   1.3885206e+01
  -4.5001088e+01   1.3887014e+01
  -4.5001042e+01   1.3888822e+01
  -4.5000996e+01   1.3890630e+01
  -4.5000949e+01   1.3892437e+01
  -4.5000903e+01   1.3894245e+01
  -4.5000856e+01   1.3896053e+01
  -4.5000810e+01   1.3897861e+01
  -4.5000764e+01   1.3899669e+01
  -4.5000717e+01   1.3901476e+01
  -4.5000671e+01   1.3903284e+01
  -4.5000625e+01   1.3905092e+01
  -4.5000578e+01   1.3906900e+01
  -4.5000532e+01   1.3908707e+01
  -4.5000486e+01   1.3910515e+01
  -4.5000439e+01   1.3912323e+01
  -4.5000393e+01   1.3914131e+01
  -4.5000347e+01   1.3915939e+01
  -4.5000300e+01   1.3917746e+01
  -4.5000254e+01   1.3919554e+01
  -4.5000208e+01   1.3921362e+01
  -4.5000161e+01   1.3923170e+01
  -4.5000115e+01   1.3924977e+01
  -4.5000068e+01   1.3926785e+01
  -4.5000022e+01   1.3928593e+01
  -4.4999976e+01   1.3930401e+01
  -4.4999929e+01   1.3932208e+01
  -4.4999883e+01   1.3934016e+01
  -4.4999837e+01   1.3935824e+01
  -4.4999790e+01   1.3937632e+01
  -4.4999744e+01   1.3939440e+01
  -4.4999698e+01   1.3941247e+01
  -4.4999651e+01   1.3943055e+01
  -4.4999605e+01   1.3944863e+01
  -4.4999559e+01   1.3946671e+01
  -4.4999512e+01   1.3948478e+01
  -4.4999466e+01   1.3950286e+01
  -4.4999420e+01   1.3952094e+01
  -4.4999394e+01   1.3953902e+01
  -4.4999394e+01   1.3955710e+01
  -4.4999394e+01   1.3957517e+01
  -4.4999394e+01   1.3959325e+01
  -4.4999394e+01   1.3961133e+01
  -4.4999394e+01   1.3962941e+01
  -4.4999394e+01   1.3964748e+01
  -4.4999394e+01   1.3966556e+01
  -4.4999394e+01   1.3968364e+01
  -4.4999394e+01   1.3970172e+01
  -4.4999394e+01   1.3971980e+01
  -4.4999394e+01   1.3973787e+01
  -4.4999394e+01   1.3975595e+01
  -4.4999394e+01   1.3977403e+01
  -4.4999394e+01   1.3979211e+01
  -4.4999394e+01   1.3981018e+01
  -4.4999394e+01   1.3982826e+01
  -4.4999394e+01   1.3984634e+01
  -4.4999394e+01   1.3986442e+01
  -4.4999394e+01   1.3988249e+01
  -4.4999394e+01   1.3990057e+01
  -4.4999394e+01   1.3991865e+01
  -4.4999394e+01   1.3993673e+01
  -4.4999394e+01   1.3995481e+01
  -4.4999394e+01   1.3997288e+01
  -4.4999394e+01   1.3999096e+01
  -4.4999394e+01   1.4000904e+01
  -4.4999394e+01   1.4002712e+01
  -4.4999394e+01   1.4004519e+01
  -4.4999394e+01   1.4006327e+01
  -4.4999394e+01   1.4008135e+01
  -4.4999394e+01   1.4009943e+01
  -4.4999394e+01   1.4011751e+01
  -4.4999394e+01   1.4013558e+01
  -4.4999394e+01   1.4015366e+01
  -4.4999394e+01   1.4017174e+01
  -4.4999394e+01   1.4018982e+01
  -4.4999394e+01   1.4020789e+01
  -4.4999394e+01   1.4022597e+01
  -4.4999309e+01   1.4024405e+01
  -4.4999174e+01   1.4026213e+01
  -4.4999038e+01   1.4028020e+01
  -4.4998902e+01   1.4029828e+01
  -4.4998767e+01   1.4031636e+01
  -4.4998631e+01   1.4033444e+01
  -4.4998496e+01   1.4035252e+01
  -4.4998360e+01   1.4037059e+01
  -4.4998224e+01   1.4038867e+01
  -4.4998089e+01   1.4040675e+01
  -4.4997953e+01   1.4042483e+01
  -4.4997818e+01   1.4044290e+01
  -4.4997682e+01   1.4046098e+01
  -4.4997547e+01   1.4047906e+01
  -4.4997411e+01   1.4049714e+01
  -4.4997275e+01   1.4051522e+01
  -4.4997140e+01   1.4053329e+01
  -4.4997004e+01   1.4055137e+01
  -4.4996869e+01   1.4056945e+01
  -4.4996733e+01   1.4058753e+01
  -4.4996597e+01   1.4060560e+01
  -4.4996462e+01   1.4062368e+01
  -4.4996326e+01   1.4064176e+01
  -4.4996191e+01   1.4065984e+01
  -4.4996055e+01   1.4067792e+01
  -4.4995920e+01   1.4069599e+01
  -4.4995784e+01   1.4071407e+01
  -4.4995648e+01   1.4073215e+01
  -4.4995513e+01   1.4075023e+01
  -4.4995377e+01   1.4076830e+01
  -4.4995242e+01   1.4078638e+01
  -4.4995106e+01   1.4080446e+01
  -4.4994970e+01   1.4082254e+01
  -4.4994835e+01   1.4084061e+01
  -4.4994699e+01   1.4085869e+01
  -4.4994564e+01   1.4087677e+01
  -4.4994428e+01   1.4089485e+01
  -4.4994293e+01   1.4091293e+01
  -4.4994084e+01   1.4093100e+01
  -4.4993851e+01   1.4094908e+01
  -4.4993617e+01   1.4096716e+01
  -4.4993384e+01   1.4098524e+01
  -4.4993151e+01   1.4100331e+01
  -4.4992918e+01   1.4102139e+01
  -4.4992684e+01   1.4103947e+01
  -4.4992451e+01   1.4105755e+01
  -4.4992218e+01   1.4107563e+01
  -4.4991985e+01   1.4109370e+01
  -4.4991751e+01   1.4111178e+01
  -4.4991518e+01   1.4112986e+01
  -4.4991285e+01   1.4114794e+01
  -4.4991051e+01   1.4116601e+01
  -4.4990818e+01   1.4118409e+01
  -4.4990585e+01   1.4120217e+01
  -4.4990352e+01   1.4122025e+01
  -4.4990118e+01   1.4123832e+01
  -4.4989885e+01   1.4125640e+01
  -4.4989652e+01   1.4127448e+01
  -4.4989419e+01   1.4129256e+01
  -4.4989185e+01   1.4131064e+01
  -4.4988952e+01   1.4132871e+01
  -4.4988719e+01   1.4134679e+01
  -4.4988486e+01   1.4136487e+01
  -4.4988252e+01   1.4138295e+01
  -4.4988019e+01   1.4140102e+01
  -4.4987786e+01   1.4141910e+01
  -4.4987553e+01   1.4143718e+01
  -4.4987352e+01   1.4145526e+01
  -4.4987201e+01   1.4147334e+01
  -4.4987050e+01   1.4149141e+01
  -4.4986900e+01   1.4150949e+01
  -4.4986749e+01   1.4152757e+01
  -4.4986598e+01   1.4154565e+01
  -4.4986448e+01   1.4156372e+01
  -4.4986297e+01   1.4158180e+01
  -4.4986146e+01   1.4159988e+01
  -4.4985996e+01   1.4161796e+01
  -4.4985845e+01   1.4163603e+01
             NaN             NaN
             NaN             NaN
