             NaN             NaN
             NaN             NaN
  -4.4843599e+01   1.3003013e+01
  -4.4843147e+01   1.3004821e+01
  -4.4842695e+01   1.3006629e+01
  -4.4842243e+01   1.3008436e+01
  -4.4841898e+01   1.3010244e+01
  -4.4841898e+01   1.3012052e+01
  -4.4841898e+01   1.3013860e+01
  -4.4841898e+01   1.3015667e+01
  -4.4841898e+01   1.3017475e+01
  -4.4841898e+01   1.3019283e+01
  -4.4841898e+01   1.3021091e+01
  -4.4841898e+01   1.3022898e+01
  -4.4841898e+01   1.3024706e+01
  -4.4842185e+01   1.3026514e+01
  -4.4842586e+01   1.3028322e+01
  -4.4842988e+01   1.3030130e+01
  -4.4843390e+01   1.3031937e+01
  -4.4843792e+01   1.3033745e+01
  -4.4844193e+01   1.3035553e+01
  -4.4844595e+01   1.3037361e+01
  -4.4844997e+01   1.3039168e+01
  -4.4845341e+01   1.3040976e+01
  -4.4845441e+01   1.3042784e+01
  -4.4845542e+01   1.3044592e+01
  -4.4845642e+01   1.3046400e+01
  -4.4845743e+01   1.3048207e+01
  -4.4845843e+01   1.3050015e+01
  -4.4845943e+01   1.3051823e+01
  -4.4846044e+01   1.3053631e+01
  -4.4846144e+01   1.3055438e+01
  -4.4846245e+01   1.3057246e+01
  -4.4846345e+01   1.3059054e+01
  -4.4846446e+01   1.3060862e+01
  -4.4846546e+01   1.3062669e+01
  -4.4846646e+01   1.3064477e+01
  -4.4846747e+01   1.3066285e+01
  -4.4846847e+01   1.3068093e+01
  -4.4846948e+01   1.3069901e+01
  -4.4847034e+01   1.3071708e+01
  -4.4847034e+01   1.3073516e+01
  -4.4847034e+01   1.3075324e+01
  -4.4847034e+01   1.3077132e+01
  -4.4847034e+01   1.3078939e+01
  -4.4847034e+01   1.3080747e+01
  -4.4847034e+01   1.3082555e+01
  -4.4847034e+01   1.3084363e+01
  -4.4847271e+01   1.3086171e+01
  -4.4847688e+01   1.3087978e+01
  -4.4848106e+01   1.3089786e+01
  -4.4848523e+01   1.3091594e+01
  -4.4848940e+01   1.3093402e+01
  -4.4849357e+01   1.3095209e+01
  -4.4849774e+01   1.3097017e+01
  -4.4850192e+01   1.3098825e+01
  -4.4850609e+01   1.3100633e+01
  -4.4851026e+01   1.3102440e+01
  -4.4851443e+01   1.3104248e+01
  -4.4851860e+01   1.3106056e+01
  -4.4852216e+01   1.3107864e+01
  -4.4852397e+01   1.3109672e+01
  -4.4852578e+01   1.3111479e+01
  -4.4852758e+01   1.3113287e+01
  -4.4852939e+01   1.3115095e+01
  -4.4853120e+01   1.3116903e+01
  -4.4853301e+01   1.3118710e+01
  -4.4853482e+01   1.3120518e+01
  -4.4853662e+01   1.3122326e+01
  -4.4853843e+01   1.3124134e+01
  -4.4854024e+01   1.3125942e+01
  -4.4854205e+01   1.3127749e+01
  -4.4854385e+01   1.3129557e+01
  -4.4854566e+01   1.3131365e+01
  -4.4854747e+01   1.3133173e+01
  -4.4854928e+01   1.3134980e+01
  -4.4855109e+01   1.3136788e+01
  -4.4855289e+01   1.3138596e+01
  -4.4855470e+01   1.3140404e+01
  -4.4855738e+01   1.3142212e+01
  -4.4856190e+01   1.3144019e+01
  -4.4856641e+01   1.3145827e+01
  -4.4857093e+01   1.3147635e+01
  -4.4857545e+01   1.3149443e+01
  -4.4857997e+01   1.3151250e+01
  -4.4858449e+01   1.3153058e+01
  -4.4858901e+01   1.3154866e+01
  -4.4859353e+01   1.3156674e+01
  -4.4859805e+01   1.3158481e+01
  -4.4860257e+01   1.3160289e+01
  -4.4860709e+01   1.3162097e+01
  -4.4861792e+01   1.3163905e+01
  -4.4862905e+01   1.3165713e+01
  -4.4864017e+01   1.3167520e+01
  -4.4865130e+01   1.3169328e+01
  -4.4866242e+01   1.3171136e+01
  -4.4867355e+01   1.3172944e+01
  -4.4868467e+01   1.3174751e+01
  -4.4869580e+01   1.3176559e+01
  -4.4870692e+01   1.3178367e+01
  -4.4871805e+01   1.3180175e+01
  -4.4872917e+01   1.3181983e+01
  -4.4874030e+01   1.3183790e+01
  -4.4875785e+01   1.3185598e+01
  -4.4877894e+01   1.3187406e+01
  -4.4880003e+01   1.3189214e+01
  -4.4882112e+01   1.3191021e+01
  -4.4884221e+01   1.3192829e+01
  -4.4886330e+01   1.3194637e+01
  -4.4886988e+01   1.3196445e+01
  -4.4887591e+01   1.3198252e+01
  -4.4888193e+01   1.3200060e+01
  -4.4888796e+01   1.3201868e+01
  -4.4889399e+01   1.3203676e+01
  -4.4890001e+01   1.3205484e+01
  -4.4890604e+01   1.3207291e+01
  -4.4891206e+01   1.3209099e+01
  -4.4891809e+01   1.3210907e+01
  -4.4892412e+01   1.3212715e+01
  -4.4893014e+01   1.3214522e+01
  -4.4893797e+01   1.3216330e+01
  -4.4894701e+01   1.3218138e+01
  -4.4895605e+01   1.3219946e+01
  -4.4896509e+01   1.3221754e+01
  -4.4896027e+01   1.3223561e+01
  -4.4895223e+01   1.3225369e+01
  -4.4894420e+01   1.3227177e+01
  -4.4893617e+01   1.3228985e+01
  -4.4892813e+01   1.3230792e+01
  -4.4892010e+01   1.3232600e+01
  -4.4891206e+01   1.3234408e+01
  -4.4890403e+01   1.3236216e+01
  -4.4889736e+01   1.3238024e+01
  -4.4889408e+01   1.3239831e+01
  -4.4889079e+01   1.3241639e+01
  -4.4888750e+01   1.3243447e+01
  -4.4888422e+01   1.3245255e+01
  -4.4888093e+01   1.3247062e+01
  -4.4887764e+01   1.3248870e+01
  -4.4887436e+01   1.3250678e+01
  -4.4887107e+01   1.3252486e+01
  -4.4886778e+01   1.3254293e+01
  -4.4886450e+01   1.3256101e+01
  -4.4886758e+01   1.3257909e+01
  -4.4887160e+01   1.3259717e+01
  -4.4887562e+01   1.3261525e+01
  -4.4887963e+01   1.3263332e+01
  -4.4888365e+01   1.3265140e+01
  -4.4888767e+01   1.3266948e+01
  -4.4889168e+01   1.3268756e+01
  -4.4889570e+01   1.3270563e+01
  -4.4889651e+01   1.3272371e+01
  -4.4889134e+01   1.3274179e+01
  -4.4888618e+01   1.3275987e+01
  -4.4888101e+01   1.3277795e+01
  -4.4887585e+01   1.3279602e+01
  -4.4887068e+01   1.3281410e+01
  -4.4886552e+01   1.3283218e+01
  -4.4886035e+01   1.3285026e+01
  -4.4885519e+01   1.3286833e+01
  -4.4885002e+01   1.3288641e+01
  -4.4884486e+01   1.3290449e+01
  -4.4883969e+01   1.3292257e+01
  -4.4883453e+01   1.3294064e+01
  -4.4882818e+01   1.3295872e+01
  -4.4881010e+01   1.3297680e+01
  -4.4879202e+01   1.3299488e+01
  -4.4877394e+01   1.3301296e+01
  -4.4875587e+01   1.3303103e+01
  -4.4873779e+01   1.3304911e+01
  -4.4871971e+01   1.3306719e+01
  -4.4870163e+01   1.3308527e+01
  -4.4868356e+01   1.3310334e+01
  -4.4866548e+01   1.3312142e+01
  -4.4866106e+01   1.3313950e+01
  -4.4866493e+01   1.3315758e+01
  -4.4866880e+01   1.3317566e+01
  -4.4867268e+01   1.3319373e+01
  -4.4867655e+01   1.3321181e+01
  -4.4868043e+01   1.3322989e+01
  -4.4868430e+01   1.3324797e+01
  -4.4868817e+01   1.3326604e+01
  -4.4869205e+01   1.3328412e+01
  -4.4869592e+01   1.3330220e+01
  -4.4869979e+01   1.3332028e+01
  -4.4870367e+01   1.3333835e+01
  -4.4870754e+01   1.3335643e+01
  -4.4871659e+01   1.3337451e+01
  -4.4873467e+01   1.3339259e+01
  -4.4875275e+01   1.3341067e+01
  -4.4877083e+01   1.3342874e+01
  -4.4878890e+01   1.3344682e+01
  -4.4881381e+01   1.3346490e+01
  -4.4884273e+01   1.3348298e+01
  -4.4887166e+01   1.3350105e+01
  -4.4890058e+01   1.3351913e+01
  -4.4892951e+01   1.3353721e+01
  -4.4892716e+01   1.3355529e+01
  -4.4892114e+01   1.3357337e+01
  -4.4891511e+01   1.3359144e+01
  -4.4890908e+01   1.3360952e+01
  -4.4890306e+01   1.3362760e+01
  -4.4889703e+01   1.3364568e+01
  -4.4889101e+01   1.3366375e+01
  -4.4888498e+01   1.3368183e+01
  -4.4887895e+01   1.3369991e+01
  -4.4887293e+01   1.3371799e+01
  -4.4886690e+01   1.3373607e+01
  -4.4886312e+01   1.3375414e+01
  -4.4886131e+01   1.3377222e+01
  -4.4885950e+01   1.3379030e+01
  -4.4885769e+01   1.3380838e+01
  -4.4885589e+01   1.3382645e+01
  -4.4885408e+01   1.3384453e+01
  -4.4885227e+01   1.3386261e+01
  -4.4885046e+01   1.3388069e+01
  -4.4884865e+01   1.3389876e+01
  -4.4884668e+01   1.3391684e+01
  -4.4884216e+01   1.3393492e+01
  -4.4883764e+01   1.3395300e+01
  -4.4883312e+01   1.3397108e+01
  -4.4882860e+01   1.3398915e+01
  -4.4882408e+01   1.3400723e+01
  -4.4881956e+01   1.3402531e+01
  -4.4881504e+01   1.3404339e+01
  -4.4881053e+01   1.3406146e+01
  -4.4880601e+01   1.3407954e+01
  -4.4880149e+01   1.3409762e+01
  -4.4879697e+01   1.3411570e+01
  -4.4879245e+01   1.3413378e+01
  -4.4878793e+01   1.3415185e+01
  -4.4878341e+01   1.3416993e+01
  -4.4877889e+01   1.3418801e+01
  -4.4877985e+01   1.3420609e+01
  -4.4878136e+01   1.3422416e+01
  -4.4878286e+01   1.3424224e+01
  -4.4878437e+01   1.3426032e+01
  -4.4878588e+01   1.3427840e+01
  -4.4878738e+01   1.3429647e+01
  -4.4878889e+01   1.3431455e+01
  -4.4879040e+01   1.3433263e+01
  -4.4879190e+01   1.3435071e+01
  -4.4879341e+01   1.3436879e+01
  -4.4879492e+01   1.3438686e+01
  -4.4879676e+01   1.3440494e+01
  -4.4879889e+01   1.3442302e+01
  -4.4880101e+01   1.3444110e+01
  -4.4880314e+01   1.3445917e+01
  -4.4880527e+01   1.3447725e+01
  -4.4880739e+01   1.3449533e+01
  -4.4880952e+01   1.3451341e+01
  -4.4881165e+01   1.3453149e+01
  -4.4881378e+01   1.3454956e+01
  -4.4881590e+01   1.3456764e+01
  -4.4881803e+01   1.3458572e+01
  -4.4882016e+01   1.3460380e+01
  -4.4882228e+01   1.3462187e+01
  -4.4882441e+01   1.3463995e+01
  -4.4882654e+01   1.3465803e+01
  -4.4882866e+01   1.3467611e+01
  -4.4883273e+01   1.3469418e+01
  -4.4883918e+01   1.3471226e+01
  -4.4884564e+01   1.3473034e+01
  -4.4885210e+01   1.3474842e+01
  -4.4885855e+01   1.3476650e+01
  -4.4886501e+01   1.3478457e+01
  -4.4887146e+01   1.3480265e+01
  -4.4887792e+01   1.3482073e+01
  -4.4888438e+01   1.3483881e+01
  -4.4889083e+01   1.3485688e+01
  -4.4889729e+01   1.3487496e+01
  -4.4890375e+01   1.3489304e+01
  -4.4891020e+01   1.3491112e+01
  -4.4891575e+01   1.3492920e+01
  -4.4891739e+01   1.3494727e+01
  -4.4891903e+01   1.3496535e+01
  -4.4892068e+01   1.3498343e+01
  -4.4892232e+01   1.3500151e+01
  -4.4892396e+01   1.3501958e+01
  -4.4892561e+01   1.3503766e+01
  -4.4892725e+01   1.3505574e+01
  -4.4892889e+01   1.3507382e+01
  -4.4893054e+01   1.3509190e+01
  -4.4893218e+01   1.3510997e+01
  -4.4894187e+01   1.3512805e+01
  -4.4895392e+01   1.3514613e+01
  -4.4896597e+01   1.3516421e+01
  -4.4897802e+01   1.3518228e+01
  -4.4899008e+01   1.3520036e+01
  -4.4900301e+01   1.3521844e+01
  -4.4902470e+01   1.3523652e+01
  -4.4904639e+01   1.3525459e+01
  -4.4906809e+01   1.3527267e+01
  -4.4908978e+01   1.3529075e+01
  -4.4910696e+01   1.3530883e+01
  -4.4911600e+01   1.3532691e+01
  -4.4912504e+01   1.3534498e+01
  -4.4913408e+01   1.3536306e+01
  -4.4914312e+01   1.3538114e+01
  -4.4915216e+01   1.3539922e+01
  -4.4915510e+01   1.3541729e+01
  -4.4915510e+01   1.3543537e+01
  -4.4915510e+01   1.3545345e+01
  -4.4915510e+01   1.3547153e+01
  -4.4915510e+01   1.3548961e+01
  -4.4915510e+01   1.3550768e+01
  -4.4915510e+01   1.3552576e+01
  -4.4915510e+01   1.3554384e+01
  -4.4915510e+01   1.3556192e+01
  -4.4915510e+01   1.3557999e+01
  -4.4915860e+01   1.3559807e+01
  -4.4917215e+01   1.3561615e+01
  -4.4918571e+01   1.3563423e+01
  -4.4919927e+01   1.3565230e+01
  -4.4921283e+01   1.3567038e+01
  -4.4922639e+01   1.3568846e+01
  -4.4923995e+01   1.3570654e+01
  -4.4925350e+01   1.3572462e+01
  -4.4927014e+01   1.3574269e+01
  -4.4928822e+01   1.3576077e+01
  -4.4930630e+01   1.3577885e+01
  -4.4932438e+01   1.3579693e+01
  -4.4934245e+01   1.3581500e+01
  -4.4936909e+01   1.3583308e+01
  -4.4939621e+01   1.3585116e+01
  -4.4942333e+01   1.3586924e+01
  -4.4945015e+01   1.3588732e+01
  -4.4947546e+01   1.3590539e+01
  -4.4950077e+01   1.3592347e+01
  -4.4952608e+01   1.3594155e+01
  -4.4955139e+01   1.3595963e+01
  -4.4958130e+01   1.3597770e+01
  -4.4961745e+01   1.3599578e+01
  -4.4965361e+01   1.3601386e+01
  -4.4968274e+01   1.3603194e+01
  -4.4970684e+01   1.3605002e+01
  -4.4973094e+01   1.3606809e+01
  -4.4975505e+01   1.3608617e+01
  -4.4977915e+01   1.3610425e+01
  -4.4980325e+01   1.3612233e+01
  -4.4982736e+01   1.3614040e+01
  -4.4985146e+01   1.3615848e+01
  -4.4987489e+01   1.3617656e+01
  -4.4988780e+01   1.3619464e+01
  -4.4990071e+01   1.3621271e+01
  -4.4991363e+01   1.3623079e+01
  -4.4992654e+01   1.3624887e+01
  -4.4993945e+01   1.3626695e+01
  -4.4995236e+01   1.3628503e+01
  -4.4996144e+01   1.3630310e+01
  -4.4996545e+01   1.3632118e+01
  -4.4996947e+01   1.3633926e+01
  -4.4997349e+01   1.3635734e+01
  -4.4997751e+01   1.3637541e+01
  -4.4998152e+01   1.3639349e+01
  -4.4998554e+01   1.3641157e+01
  -4.4998956e+01   1.3642965e+01
  -4.4999358e+01   1.3644773e+01
  -4.4999394e+01   1.3646580e+01
  -4.4999394e+01   1.3648388e+01
  -4.4999394e+01   1.3650196e+01
  -4.4999394e+01   1.3652004e+01
  -4.4999394e+01   1.3653811e+01
  -4.4999394e+01   1.3655619e+01
  -4.4999394e+01   1.3657427e+01
  -4.4999394e+01   1.3659235e+01
  -4.4999648e+01   1.3661042e+01
  -4.5000305e+01   1.3662850e+01
  -4.5000963e+01   1.3664658e+01
  -4.5001620e+01   1.3666466e+01
  -4.5002277e+01   1.3668274e+01
  -4.5002935e+01   1.3670081e+01
  -4.5003592e+01   1.3671889e+01
  -4.5004250e+01   1.3673697e+01
  -4.5004907e+01   1.3675505e+01
  -4.5005564e+01   1.3677312e+01
  -4.5006222e+01   1.3679120e+01
  -4.5006534e+01   1.3680928e+01
  -4.5006835e+01   1.3682736e+01
  -4.5007136e+01   1.3684544e+01
  -4.5007438e+01   1.3686351e+01
  -4.5007739e+01   1.3688159e+01
  -4.5008040e+01   1.3689967e+01
  -4.5008342e+01   1.3691775e+01
  -4.5008643e+01   1.3693582e+01
  -4.5008944e+01   1.3695390e+01
  -4.5009246e+01   1.3697198e+01
  -4.5009547e+01   1.3699006e+01
  -4.5009909e+01   1.3700813e+01
  -4.5010311e+01   1.3702621e+01
  -4.5010712e+01   1.3704429e+01
  -4.5011114e+01   1.3706237e+01
  -4.5011516e+01   1.3708045e+01
  -4.5011918e+01   1.3709852e+01
  -4.5012319e+01   1.3711660e+01
  -4.5012721e+01   1.3713468e+01
  -4.5013389e+01   1.3715276e+01
  -4.5017005e+01   1.3717083e+01
  -4.5020620e+01   1.3718891e+01
  -4.5024236e+01   1.3720699e+01
  -4.5027674e+01   1.3722507e+01
  -4.5030687e+01   1.3724315e+01
  -4.5033700e+01   1.3726122e+01
  -4.5036713e+01   1.3727930e+01
  -4.5039725e+01   1.3729738e+01
  -4.5042738e+01   1.3731546e+01
  -4.5044537e+01   1.3733353e+01
  -4.5045570e+01   1.3735161e+01
  -4.5046603e+01   1.3736969e+01
  -4.5047636e+01   1.3738777e+01
  -4.5048669e+01   1.3740585e+01
  -4.5049702e+01   1.3742392e+01
  -4.5050735e+01   1.3744200e+01
  -4.5051768e+01   1.3746008e+01
  -4.5052801e+01   1.3747816e+01
  -4.5053835e+01   1.3749623e+01
  -4.5054868e+01   1.3751431e+01
  -4.5055901e+01   1.3753239e+01
  -4.5056934e+01   1.3755047e+01
  -4.5057599e+01   1.3756854e+01
  -4.5057599e+01   1.3758662e+01
  -4.5057599e+01   1.3760470e+01
  -4.5057599e+01   1.3762278e+01
  -4.5057599e+01   1.3764086e+01
  -4.5057599e+01   1.3765893e+01
  -4.5057599e+01   1.3767701e+01
  -4.5057599e+01   1.3769509e+01
  -4.5057599e+01   1.3771317e+01
  -4.5057599e+01   1.3773124e+01
  -4.5057599e+01   1.3774932e+01
  -4.5057599e+01   1.3776740e+01
  -4.5057599e+01   1.3778548e+01
  -4.5057599e+01   1.3780356e+01
  -4.5057599e+01   1.3782163e+01
  -4.5057599e+01   1.3783971e+01
  -4.5057533e+01   1.3785779e+01
  -4.5057275e+01   1.3787587e+01
  -4.5057016e+01   1.3789394e+01
  -4.5056758e+01   1.3791202e+01
  -4.5056500e+01   1.3793010e+01
  -4.5056242e+01   1.3794818e+01
  -4.5055983e+01   1.3796625e+01
  -4.5055725e+01   1.3798433e+01
  -4.5055467e+01   1.3800241e+01
  -4.5055209e+01   1.3802049e+01
  -4.5054950e+01   1.3803857e+01
  -4.5054692e+01   1.3805664e+01
  -4.5054434e+01   1.3807472e+01
  -4.5054176e+01   1.3809280e+01
  -4.5054340e+01   1.3811088e+01
  -4.5054504e+01   1.3812895e+01
  -4.5054668e+01   1.3814703e+01
  -4.5054833e+01   1.3816511e+01
  -4.5054997e+01   1.3818319e+01
  -4.5055161e+01   1.3820127e+01
  -4.5055326e+01   1.3821934e+01
  -4.5055490e+01   1.3823742e+01
  -4.5055654e+01   1.3825550e+01
  -4.5055819e+01   1.3827358e+01
  -4.5056121e+01   1.3829165e+01
  -4.5056523e+01   1.3830973e+01
  -4.5056925e+01   1.3832781e+01
  -4.5057327e+01   1.3834589e+01
  -4.5057728e+01   1.3836397e+01
  -4.5058130e+01   1.3838204e+01
  -4.5058532e+01   1.3840012e+01
  -4.5058934e+01   1.3841820e+01
  -4.5059311e+01   1.3843628e+01
  -4.5059311e+01   1.3845435e+01
  -4.5059311e+01   1.3847243e+01
  -4.5059311e+01   1.3849051e+01
  -4.5059311e+01   1.3850859e+01
  -4.5059311e+01   1.3852666e+01
  -4.5059311e+01   1.3854474e+01
  -4.5059311e+01   1.3856282e+01
  -4.5059311e+01   1.3858090e+01
  -4.5059311e+01   1.3859898e+01
  -4.5059311e+01   1.3861705e+01
  -4.5059067e+01   1.3863513e+01
  -4.5058686e+01   1.3865321e+01
  -4.5058305e+01   1.3867129e+01
  -4.5057925e+01   1.3868936e+01
  -4.5057544e+01   1.3870744e+01
  -4.5057164e+01   1.3872552e+01
  -4.5056783e+01   1.3874360e+01
  -4.5056402e+01   1.3876168e+01
  -4.5056022e+01   1.3877975e+01
  -4.5055641e+01   1.3879783e+01
  -4.5055261e+01   1.3881591e+01
  -4.5054880e+01   1.3883399e+01
  -4.5054500e+01   1.3885206e+01
  -4.5054119e+01   1.3887014e+01
  -4.5053738e+01   1.3888822e+01
  -4.5053358e+01   1.3890630e+01
  -4.5052977e+01   1.3892437e+01
  -4.5052597e+01   1.3894245e+01
  -4.5052587e+01   1.3896053e+01
  -4.5052778e+01   1.3897861e+01
  -4.5052968e+01   1.3899669e+01
  -4.5053158e+01   1.3901476e+01
  -4.5053349e+01   1.3903284e+01
  -4.5053539e+01   1.3905092e+01
  -4.5053729e+01   1.3906900e+01
  -4.5053919e+01   1.3908707e+01
  -4.5054110e+01   1.3910515e+01
  -4.5054300e+01   1.3912323e+01
  -4.5054490e+01   1.3914131e+01
  -4.5054681e+01   1.3915939e+01
  -4.5054871e+01   1.3917746e+01
  -4.5055061e+01   1.3919554e+01
  -4.5055251e+01   1.3921362e+01
  -4.5055442e+01   1.3923170e+01
  -4.5055632e+01   1.3924977e+01
  -4.5055822e+01   1.3926785e+01
  -4.5055570e+01   1.3928593e+01
  -4.5055088e+01   1.3930401e+01
  -4.5054606e+01   1.3932208e+01
  -4.5054124e+01   1.3934016e+01
  -4.5053642e+01   1.3935824e+01
  -4.5053160e+01   1.3937632e+01
  -4.5052678e+01   1.3939440e+01
  -4.5052196e+01   1.3941247e+01
  -4.5051714e+01   1.3943055e+01
  -4.5051232e+01   1.3944863e+01
  -4.5050750e+01   1.3946671e+01
  -4.5050267e+01   1.3948478e+01
  -4.5049785e+01   1.3950286e+01
  -4.5049303e+01   1.3952094e+01
  -4.5049040e+01   1.3953902e+01
  -4.5049040e+01   1.3955710e+01
  -4.5049040e+01   1.3957517e+01
  -4.5049040e+01   1.3959325e+01
  -4.5049040e+01   1.3961133e+01
  -4.5049040e+01   1.3962941e+01
  -4.5049040e+01   1.3964748e+01
  -4.5049040e+01   1.3966556e+01
  -4.5049040e+01   1.3968364e+01
  -4.5049040e+01   1.3970172e+01
  -4.5049040e+01   1.3971980e+01
  -4.5049040e+01   1.3973787e+01
  -4.5049040e+01   1.3975595e+01
  -4.5049040e+01   1.3977403e+01
  -4.5049040e+01   1.3979211e+01
  -4.5049040e+01   1.3981018e+01
  -4.5049040e+01   1.3982826e+01
  -4.5049040e+01   1.3984634e+01
  -4.5048989e+01   1.3986442e+01
  -4.5048880e+01   1.3988249e+01
  -4.5048770e+01   1.3990057e+01
  -4.5048661e+01   1.3991865e+01
  -4.5048551e+01   1.3993673e+01
  -4.5048441e+01   1.3995481e+01
  -4.5048332e+01   1.3997288e+01
  -4.5048222e+01   1.3999096e+01
  -4.5048113e+01   1.4000904e+01
  -4.5048003e+01   1.4002712e+01
  -4.5047894e+01   1.4004519e+01
  -4.5047784e+01   1.4006327e+01
  -4.5047675e+01   1.4008135e+01
  -4.5047565e+01   1.4009943e+01
  -4.5047455e+01   1.4011751e+01
  -4.5047346e+01   1.4013558e+01
  -4.5047236e+01   1.4015366e+01
  -4.5047127e+01   1.4017174e+01
  -4.5047017e+01   1.4018982e+01
  -4.5046908e+01   1.4020789e+01
  -4.5046798e+01   1.4022597e+01
  -4.5046688e+01   1.4024405e+01
  -4.5046579e+01   1.4026213e+01
  -4.5046469e+01   1.4028020e+01
  -4.5046360e+01   1.4029828e+01
  -4.5046250e+01   1.4031636e+01
  -4.5046141e+01   1.4033444e+01
  -4.5046031e+01   1.4035252e+01
  -4.5045922e+01   1.4037059e+01
  -4.5045812e+01   1.4038867e+01
  -4.5045702e+01   1.4040675e+01
  -4.5045581e+01   1.4042483e+01
  -4.5045417e+01   1.4044290e+01
  -4.5045253e+01   1.4046098e+01
  -4.5045088e+01   1.4047906e+01
  -4.5044924e+01   1.4049714e+01
  -4.5044760e+01   1.4051522e+01
  -4.5044595e+01   1.4053329e+01
  -4.5044431e+01   1.4055137e+01
  -4.5044267e+01   1.4056945e+01
  -4.5044102e+01   1.4058753e+01
  -4.5043938e+01   1.4060560e+01
  -4.5043774e+01   1.4062368e+01
  -4.5043609e+01   1.4064176e+01
  -4.5043445e+01   1.4065984e+01
  -4.5043281e+01   1.4067792e+01
  -4.5043116e+01   1.4069599e+01
  -4.5042952e+01   1.4071407e+01
  -4.5042787e+01   1.4073215e+01
  -4.5042623e+01   1.4075023e+01
  -4.5042459e+01   1.4076830e+01
  -4.5042294e+01   1.4078638e+01
  -4.5042006e+01   1.4080446e+01
  -4.5041513e+01   1.4082254e+01
  -4.5041020e+01   1.4084061e+01
  -4.5040527e+01   1.4085869e+01
  -4.5040034e+01   1.4087677e+01
  -4.5039541e+01   1.4089485e+01
  -4.5039048e+01   1.4091293e+01
  -4.5038555e+01   1.4093100e+01
  -4.5038062e+01   1.4094908e+01
  -4.5037569e+01   1.4096716e+01
  -4.5037076e+01   1.4098524e+01
  -4.5037222e+01   1.4100331e+01
  -4.5037394e+01   1.4102139e+01
  -4.5037566e+01   1.4103947e+01
  -4.5037738e+01   1.4105755e+01
  -4.5037910e+01   1.4107563e+01
  -4.5038083e+01   1.4109370e+01
  -4.5038255e+01   1.4111178e+01
  -4.5038427e+01   1.4112986e+01
  -4.5038599e+01   1.4114794e+01
  -4.5038771e+01   1.4116601e+01
  -4.5038943e+01   1.4118409e+01
  -4.5039116e+01   1.4120217e+01
  -4.5039288e+01   1.4122025e+01
  -4.5039460e+01   1.4123832e+01
  -4.5039632e+01   1.4125640e+01
  -4.5039804e+01   1.4127448e+01
  -4.5039976e+01   1.4129256e+01
  -4.5040149e+01   1.4131064e+01
  -4.5040321e+01   1.4132871e+01
  -4.5040515e+01   1.4134679e+01
  -4.5040991e+01   1.4136487e+01
  -4.5041467e+01   1.4138295e+01
  -4.5041943e+01   1.4140102e+01
  -4.5042418e+01   1.4141910e+01
  -4.5042894e+01   1.4143718e+01
  -4.5043370e+01   1.4145526e+01
  -4.5043845e+01   1.4147334e+01
  -4.5044321e+01   1.4149141e+01
  -4.5044797e+01   1.4150949e+01
  -4.5045273e+01   1.4152757e+01
  -4.5045748e+01   1.4154565e+01
  -4.5046224e+01   1.4156372e+01
  -4.5046700e+01   1.4158180e+01
  -4.5047176e+01   1.4159988e+01
  -4.5047651e+01   1.4161796e+01
  -4.5048127e+01   1.4163603e+01
  -4.5048603e+01   1.4165411e+01
             NaN             NaN
